54 54 54 54 54 54 54 54 54 54 54 54 54 54 54 54 54 54 54 54 54 54 54 54 54 54 54 54 54 54 54 54 54 54 54 54 54 54 54 54 54 54 54 54 54 54 54 54 54 54 54 54 54 54 54 54 54 54 54 54 54 54 54 54 54 54 54 54 54 54 54 54 54 54 54 54 54 54 54 54 54 54 54 54 54 54 54 54 54 54 54 54 54 54 54 54 54 54 54 54 
54 54 54 54 54 54 54 54 54 54 54 54 54 54 54 54 54 54 54 54 54 54 54 54 54 54 54 54 54 54 54 54 54 54 54 54 54 54 54 54 54 54 54 54 54 54 54 54 54 54 54 54 54 54 54 54 54 54 54 54 54 54 54 54 54 54 54 54 54 54 54 54 54 54 54 54 54 54 54 54 54 54 54 54 54 54 54 54 54 54 54 54 54 54 54 54 54 54 54 54 
54 54 54 54 54 54 54 54 54 54 54 54 54 54 54 54 54 54 54 54 54 54 54 54 54 54 54 54 54 54 54 54 54 54 54 54 54 54 54 54 54 54 54 54 54 54 54 54 54 54 54 54 54 54 54 54 54 54 54 54 54 54 54 54 54 54 54 54 54 54 54 54 54 54 54 54 54 54 54 54 54 54 54 54 54 54 54 54 54 54 54 54 54 54 54 54 54 54 54 54 
54 54 54 54 54 54 54 54 54 54 54 54 54 54 54 54 54 54 54 54 54 54 54 54 54 54 54 54 54 54 54 54 54 54 54 54 54 54 54 54 54 54 54 54 54 54 54 54 54 54 54 54 54 54 54 54 54 54 54 54 54 54 54 54 54 54 54 54 54 54 54 54 54 54 54 54 54 54 54 54 54 54 54 54 54 54 54 54 54 54 54 54 54 54 54 54 54 54 54 54 
54 54 54 54 54 54 54 54 54 54 54 54 54 54 54 54 54 54 54 54 54 54 54 54 54 54 54 54 54 54 54 54 54 54 54 54 54 54 54 54 54 54 54 54 54 54 54 54 54 54 54 54 54 54 54 54 54 54 54 54 54 54 54 54 54 54 54 54 54 54 54 54 54 54 54 54 54 54 54 54 54 54 54 54 54 54 54 54 54 54 54 54 54 54 54 54 54 54 54 54 
54 54 54 54 54 54 54 54 54 54 54 54 54 54 54 54 54 54 54 54 54 54 54 54 54 54 54 54 54 54 54 54 54 54 54 54 54 54 54 54 54 54 54 54 54 54 54 54 54 54 54 54 54 54 54 54 54 54 54 54 54 54 54 54 54 54 54 54 54 54 54 54 54 54 54 54 54 54 54 54 54 54 54 54 54 54 54 54 54 54 54 54 54 54 54 54 54 54 54 54 
54 54 54 54 54 54 54 54 54 54 54 54 54 54 54 54 54 54 54 54 54 54 54 54 54 54 54 54 54 54 54 54 54 54 54 54 54 54 54 54 54 54 54 54 54 54 54 54 54 54 54 54 54 54 54 54 54 54 54 54 54 54 54 54 54 54 54 54 54 54 54 54 54 54 54 54 54 54 54 54 54 54 54 54 54 54 54 54 54 54 54 54 54 54 54 54 54 54 54 54 
54 54 54 54 54 54 54 54 54 54 54 54 54 54 54 54 54 54 54 54 54 54 54 54 54 54 54 54 54 54 54 54 54 54 54 54 54 54 54 54 54 54 54 54 54 54 54 54 54 54 54 54 54 54 54 54 54 54 54 54 54 54 54 54 54 54 54 54 54 54 54 54 54 54 54 54 54 54 54 54 54 54 54 54 54 54 54 54 54 54 54 54 54 54 54 54 54 54 54 54 
54 54 54 54 54 54 54 54 54 54 54 54 54 54 54 54 54 54 54 54 54 54 54 54 54 54 54 54 54 54 54 54 54 54 54 54 54 54 54 54 54 54 54 54 54 54 54 54 54 54 54 54 54 54 54 54 54 54 54 54 54 54 54 54 54 54 54 54 54 54 54 54 54 54 54 54 54 54 54 54 54 54 54 54 54 54 54 54 54 54 54 54 54 54 54 54 54 54 54 54 
54 54 54 54 54 54 54 54 54 54 54 225 230 230 230 230 230 230 230 230 230 230 230 230 230 230 230 230 230 230 230 230 230 230 230 230 230 230 230 230 230 230 230 230 230 230 230 230 230 230 230 230 230 230 230 230 230 230 230 230 230 230 230 230 230 230 230 230 230 230 230 230 230 230 230 230 230 230 230 230 230 230 230 230 230 230 230 230 230 229 54 54 54 54 54 54 54 54 54 54 
54 54 54 54 54 54 54 54 54 54 54 227 206 206 206 206 206 206 206 206 206 206 206 206 206 206 206 206 206 206 206 206 206 206 206 206 206 206 206 206 206 206 206 206 206 206 206 206 206 206 206 206 206 206 206 206 206 206 206 206 206 206 206 206 206 206 206 206 206 206 206 206 206 206 206 206 206 206 206 206 206 206 206 206 206 206 206 206 206 228 54 54 54 54 54 54 54 54 54 54 
54 54 54 54 54 54 54 54 54 54 54 227 206 206 206 206 206 206 206 206 206 206 206 206 206 206 206 206 206 206 206 206 206 206 206 206 206 206 206 206 206 206 206 206 206 206 251 251 264 265 264 265 264 265 264 265 264 265 264 203 251 206 206 206 206 206 206 206 206 206 206 206 206 206 251 251 245 245 246 247 248 247 245 248 246 246 248 206 206 228 54 54 54 54 54 54 54 54 54 54 
54 54 54 54 54 54 54 54 54 54 54 227 206 206 206 206 206 206 206 206 206 206 206 206 206 206 206 206 206 206 206 206 206 206 206 206 206 206 206 206 206 206 206 206 206 206 251 251 265 264 265 264 265 264 265 264 265 264 265 251 203 206 206 206 206 206 206 206 206 206 206 206 206 206 250 250 246 247 248 247 247 245 245 246 248 246 248 206 206 228 54 54 54 54 54 54 54 54 54 54 
54 54 54 54 54 54 54 54 54 54 54 227 206 206 206 206 206 206 206 206 206 206 206 206 206 206 206 206 206 206 206 206 206 206 206 206 206 206 206 206 206 206 206 206 206 206 172 251 264 265 264 265 264 265 264 265 264 265 264 205 251 206 206 206 206 206 206 206 206 206 206 206 206 206 251 249 247 248 247 248 248 248 246 245 246 248 246 206 206 228 54 54 54 54 54 54 54 54 54 54 
54 54 54 54 54 54 54 54 54 54 54 227 206 206 206 206 206 206 206 206 206 206 206 206 206 206 206 206 206 206 206 206 206 206 206 206 206 206 206 206 206 206 206 206 206 206 251 205 265 264 265 264 265 264 265 264 265 264 265 251 198 206 206 206 206 206 206 206 206 206 206 206 206 206 249 251 248 245 247 245 247 245 247 245 245 247 245 206 206 228 54 54 54 54 54 54 54 54 54 54 
54 54 54 54 54 54 54 54 54 54 54 227 206 206 206 206 206 206 206 206 206 206 206 206 206 206 206 206 206 206 206 206 206 206 206 206 206 206 206 206 206 206 206 206 206 206 251 251 264 265 264 265 264 265 264 265 264 265 264 251 251 206 206 206 206 206 206 206 206 206 206 206 206 206 251 251 245 247 245 247 245 247 245 247 247 245 247 206 206 228 54 54 54 54 54 54 54 54 54 54 
54 54 54 54 54 54 54 54 54 54 54 227 206 206 206 206 206 206 206 206 206 206 206 206 206 206 206 206 206 206 206 206 206 206 206 206 206 206 206 206 206 206 206 206 206 206 251 172 316 315 316 315 316 315 316 315 316 315 316 205 251 206 206 206 206 206 206 206 206 206 206 206 206 206 251 251 250 251 250 251 250 251 251 250 251 251 250 206 206 228 54 54 54 54 54 54 54 54 54 54 
54 54 54 54 54 54 54 54 54 54 54 227 206 206 206 206 206 206 206 206 206 206 206 206 206 206 206 206 206 206 206 206 206 206 206 206 206 206 206 206 206 206 206 206 206 206 251 251 251 195 251 251 251 251 251 196 251 251 251 251 199 206 206 206 206 206 206 206 206 206 206 206 206 206 251 251 250 251 251 250 251 251 251 251 251 251 251 206 206 228 54 54 54 54 54 54 54 54 54 54 
54 54 54 54 54 54 54 54 54 54 54 227 206 206 206 206 206 206 206 206 206 206 206 206 206 206 206 206 206 206 206 206 206 206 206 206 206 206 206 206 206 206 206 206 206 206 206 206 206 206 206 206 206 206 206 206 206 206 206 206 206 206 206 206 206 206 206 206 206 206 206 206 206 206 206 206 206 206 206 206 206 206 206 206 206 206 206 206 206 228 54 54 54 54 54 54 54 54 54 54 
54 54 54 54 54 54 54 54 54 54 54 227 206 206 206 206 206 206 206 206 206 206 206 206 206 206 206 206 206 206 206 206 206 206 206 206 206 206 206 206 206 206 206 206 206 206 206 206 206 206 206 206 206 206 206 206 206 206 206 206 206 206 206 206 206 206 206 206 206 206 206 206 206 206 206 206 206 206 206 206 206 206 206 206 206 206 206 206 206 228 54 54 54 54 54 54 54 54 54 54 
54 54 54 54 54 54 54 54 54 54 54 227 206 206 206 206 206 206 206 206 206 206 206 206 206 206 206 206 206 206 206 206 206 206 206 206 206 206 206 206 206 206 206 206 206 206 206 206 206 206 206 206 206 206 206 206 206 206 206 206 206 206 206 206 206 206 206 206 206 206 206 206 206 206 206 206 206 151 155 154 206 206 206 206 206 206 206 206 206 228 54 54 54 54 54 54 54 54 54 54 
54 54 54 54 54 54 54 54 54 54 54 227 206 206 206 206 206 206 206 206 206 206 206 206 206 206 206 206 206 206 206 206 206 206 206 206 206 206 206 206 206 206 206 206 206 206 206 206 206 206 206 206 206 206 206 206 206 206 206 206 206 206 206 206 206 206 206 206 206 206 206 206 206 206 206 206 206 157 135 158 206 206 206 206 206 206 206 206 206 228 54 54 54 54 54 54 54 54 54 54 
54 54 54 54 54 54 54 54 54 54 54 227 206 206 206 206 206 206 206 206 206 206 206 206 206 206 206 206 206 206 206 206 206 206 206 206 206 206 206 206 206 206 206 206 206 206 206 206 206 206 206 206 206 206 206 206 206 206 206 206 206 206 206 206 206 206 206 206 206 206 206 206 206 206 206 206 206 157 135 158 206 206 206 206 206 206 206 206 206 228 54 54 54 54 54 54 54 54 54 54 
54 54 54 54 54 54 54 54 54 54 54 227 206 206 206 206 206 206 206 206 206 206 206 206 206 206 206 206 206 206 206 206 206 206 206 206 206 206 206 206 206 206 206 206 206 206 206 206 206 206 206 206 206 206 206 206 206 206 206 206 267 272 272 272 272 272 272 272 272 272 272 268 206 206 206 206 206 157 135 158 206 206 206 206 206 206 206 206 206 228 54 54 54 54 54 54 54 54 54 54 
54 54 54 54 54 54 54 54 54 54 54 227 206 206 206 206 206 206 206 206 206 206 206 206 206 206 206 206 206 206 206 206 206 206 206 206 206 206 206 206 206 206 206 206 206 206 206 206 206 206 206 206 206 206 206 206 206 206 206 206 279 281 282 281 282 281 281 282 281 281 281 280 206 206 206 206 206 157 135 158 206 206 206 206 206 206 206 206 206 228 54 54 54 54 54 54 54 54 54 54 
54 54 54 54 54 54 54 54 54 54 54 227 206 206 206 206 206 206 206 206 206 206 206 206 206 206 206 206 206 206 206 206 206 206 206 206 206 206 206 206 206 206 206 206 206 206 206 206 206 206 206 206 206 206 206 206 206 206 206 206 279 282 281 281 281 282 281 281 281 281 281 280 206 206 206 206 206 157 135 158 206 206 206 206 206 206 206 206 206 228 54 54 54 54 54 54 54 54 54 54 
54 54 54 54 54 54 54 54 54 54 54 227 206 206 206 206 206 206 206 206 206 206 206 206 206 206 206 206 206 206 206 206 206 206 206 206 206 206 206 206 206 206 206 206 206 206 206 206 206 206 206 206 206 206 206 206 206 206 206 206 279 281 281 281 281 282 281 281 281 281 281 280 206 206 206 206 206 157 135 158 206 206 206 206 206 206 206 206 206 228 54 54 54 54 54 54 54 54 54 54 
54 54 54 54 54 54 54 54 54 54 54 227 206 206 206 206 206 206 206 206 206 206 206 206 206 206 206 206 206 206 206 206 206 206 206 206 206 206 206 206 206 206 206 206 206 206 206 206 206 206 206 206 206 206 206 206 206 206 206 206 279 281 281 281 281 281 281 281 281 281 281 280 206 206 206 206 206 157 135 158 206 206 206 206 206 206 206 206 206 228 54 54 54 54 54 54 54 54 54 54 
54 54 54 54 54 54 54 54 54 54 54 227 206 206 206 206 206 206 206 206 206 206 206 206 206 206 206 206 206 206 206 206 206 206 206 206 206 206 206 206 206 206 206 206 206 206 206 206 206 206 206 206 206 206 206 206 206 206 206 206 276 282 273 273 273 273 273 273 273 273 273 151 154 206 206 206 206 157 135 158 206 206 206 206 206 206 206 206 206 228 54 54 54 54 54 54 54 54 54 54 
54 54 54 54 54 54 54 54 54 54 54 227 206 206 206 206 206 206 206 206 206 206 206 206 206 206 206 206 206 206 206 206 206 206 206 206 206 206 206 206 206 206 206 206 206 206 206 206 206 206 206 206 206 206 206 206 206 206 206 206 206 206 206 206 206 206 206 206 206 206 206 152 153 206 206 206 206 157 135 158 206 206 206 206 206 206 206 206 206 228 54 54 54 54 54 54 54 54 54 54 
54 54 54 54 54 54 54 54 54 54 54 227 206 206 206 206 206 206 206 206 206 206 206 206 206 206 206 206 206 206 206 206 206 206 206 206 206 206 206 206 206 206 206 206 206 206 206 206 206 206 206 206 206 206 206 206 206 206 206 206 206 206 206 206 206 206 206 206 206 206 206 206 206 206 206 206 206 157 135 158 206 206 206 206 206 206 206 206 206 228 54 54 54 54 54 54 54 54 54 54 
54 54 54 54 54 54 54 54 54 54 54 227 206 206 206 206 206 206 206 206 206 206 206 206 206 206 206 206 206 206 206 206 206 206 206 206 206 206 206 206 206 206 206 206 206 206 206 206 206 206 206 206 206 206 206 206 206 206 206 206 206 206 206 206 206 206 206 206 206 206 206 206 206 206 206 206 206 157 135 158 206 206 206 206 206 206 206 206 206 228 54 54 54 54 54 54 54 54 54 54 
54 54 54 54 54 54 54 54 54 54 54 227 206 206 206 206 206 206 206 206 206 206 206 206 206 206 206 206 206 206 206 206 206 206 206 206 206 206 206 206 206 206 206 206 206 206 206 206 206 206 206 206 206 206 206 206 206 206 206 206 206 206 206 206 206 206 206 206 206 206 206 206 206 206 206 206 206 157 135 158 206 206 206 206 206 206 206 206 206 228 54 54 54 54 54 54 54 54 54 54 
54 54 54 54 54 54 54 54 54 54 54 227 206 206 206 206 206 206 206 206 206 206 206 206 206 206 206 206 206 206 206 206 206 206 206 206 206 206 206 206 206 206 206 206 206 206 206 206 206 206 206 206 206 206 206 206 206 206 206 206 206 206 206 206 206 206 206 206 206 206 206 206 206 206 206 206 206 157 135 158 206 206 206 206 206 206 206 206 206 228 54 54 54 54 54 54 54 54 54 54 
54 54 54 54 54 54 54 54 54 54 54 227 206 206 206 206 206 206 206 206 206 206 206 206 206 206 206 206 206 206 206 206 206 206 206 206 206 206 206 206 206 206 206 206 206 206 206 206 206 206 206 206 206 206 206 206 206 206 206 206 206 206 206 206 206 206 206 206 206 206 206 206 206 206 206 206 206 157 135 158 206 206 206 206 206 206 206 206 206 228 54 54 54 54 54 54 54 54 54 54 
54 54 54 54 54 54 54 54 54 54 54 227 206 206 206 206 206 206 206 206 206 206 206 206 206 206 206 206 206 206 206 206 206 206 206 206 206 206 206 206 206 206 206 206 206 206 206 206 206 206 206 206 206 206 206 206 206 206 206 206 206 206 206 206 206 206 206 206 206 206 206 206 206 206 206 206 206 157 135 158 206 206 206 206 206 206 206 206 206 228 54 54 54 54 54 54 54 54 54 54 
54 54 54 54 54 54 54 54 54 54 54 227 206 206 206 206 206 206 206 206 206 206 206 206 206 206 206 206 206 206 206 206 206 206 206 206 206 206 206 206 206 206 206 206 206 206 206 206 206 206 206 206 206 206 206 206 206 206 206 206 206 206 206 206 206 206 206 206 206 206 206 206 206 206 206 206 206 157 135 158 206 206 206 206 206 206 206 206 206 228 54 54 54 54 54 54 54 54 54 54 
54 54 54 54 54 54 54 54 54 54 54 227 206 206 206 206 206 206 206 206 206 206 206 206 206 206 206 206 206 206 206 206 206 206 206 206 206 206 206 206 206 206 206 206 206 206 206 206 151 155 155 155 155 155 155 155 155 155 155 155 155 155 155 155 155 155 155 155 155 155 155 155 155 155 155 155 155 159 135 158 206 206 206 206 206 206 206 206 206 228 54 54 54 54 54 54 54 54 54 54 
54 54 54 54 54 54 54 54 54 54 54 227 206 206 206 206 206 206 206 206 206 206 206 206 206 206 206 206 206 206 206 206 206 206 206 206 206 206 206 206 206 206 206 206 206 206 206 206 157 150 150 150 150 150 150 150 150 150 150 150 150 150 150 150 150 150 150 150 150 150 150 150 150 150 150 150 150 150 150 158 206 206 206 206 206 206 206 206 206 228 54 54 54 54 54 54 54 54 54 54 
54 54 54 54 54 54 54 54 54 54 54 227 206 206 206 206 206 206 206 206 206 206 206 206 206 206 206 206 206 206 206 206 206 206 206 206 206 206 206 206 206 206 206 206 206 206 206 206 157 150 161 156 156 156 156 156 156 156 156 156 156 156 156 156 156 156 156 156 156 156 156 156 156 156 156 156 156 156 156 153 206 206 206 206 206 206 206 206 206 228 54 54 54 54 54 54 54 54 54 54 
54 54 54 54 54 54 54 54 54 54 54 227 206 206 206 206 206 206 206 206 206 206 206 206 206 206 206 206 206 206 206 206 206 206 206 206 206 206 206 206 206 206 206 206 206 206 206 206 157 135 158 206 206 206 206 206 206 206 206 206 206 206 206 206 206 206 206 206 206 206 206 206 206 206 206 206 206 206 206 206 206 206 206 206 206 206 206 206 206 228 54 54 54 54 54 54 54 54 54 54 
54 54 54 54 54 54 54 54 54 54 54 227 206 206 206 206 206 206 206 206 206 206 206 206 206 206 206 206 206 206 206 206 206 206 206 206 206 206 206 206 206 206 206 206 206 206 206 206 157 135 158 206 206 206 206 206 206 206 206 206 206 206 206 206 206 206 206 206 206 206 206 206 206 206 206 206 206 206 206 206 206 206 206 206 206 206 206 206 206 228 54 54 54 54 54 54 54 54 54 54 
54 54 54 54 54 54 54 54 54 54 54 227 206 206 206 206 206 206 206 206 206 206 206 206 206 206 206 206 206 206 206 206 206 206 206 206 206 206 206 206 206 206 206 206 206 206 206 206 157 135 158 206 206 206 206 206 206 206 206 206 206 206 206 206 206 206 206 206 206 206 206 206 206 206 206 206 206 206 206 206 206 206 206 206 206 206 206 206 206 228 54 54 54 54 54 54 54 54 54 54 
54 54 54 54 54 54 54 54 54 54 54 227 206 206 206 206 206 206 206 206 206 206 206 206 206 206 206 206 206 206 206 206 206 206 206 206 206 206 206 206 206 206 206 206 206 206 206 206 157 135 158 206 206 206 206 206 206 206 206 206 206 206 206 206 206 206 206 206 206 206 206 206 206 206 206 206 206 206 206 206 206 206 206 206 206 206 206 206 206 228 54 54 54 54 54 54 54 54 54 54 
54 54 54 54 54 54 54 54 54 54 54 227 206 206 206 206 206 206 206 206 206 206 206 206 206 206 206 206 206 206 206 206 206 206 206 206 206 206 206 206 206 206 206 206 206 206 206 206 157 135 158 206 206 206 206 206 206 206 206 206 206 206 206 206 206 206 206 206 206 206 206 206 206 206 206 206 206 206 206 206 206 206 206 206 206 206 206 206 206 228 54 54 54 54 54 54 54 54 54 54 
54 54 54 54 54 54 54 54 54 54 54 227 206 206 206 206 206 206 206 206 206 206 206 206 206 206 206 206 206 206 206 206 206 206 206 206 206 206 206 206 206 206 206 206 206 206 206 206 157 135 158 206 206 206 206 206 206 206 206 206 206 206 206 206 206 206 206 206 206 206 206 206 206 206 206 206 206 206 206 206 206 206 206 206 206 206 206 206 206 228 54 54 54 54 54 54 54 54 54 54 
54 54 54 54 54 54 54 54 54 54 54 227 206 206 206 206 206 206 206 206 206 206 206 206 206 206 206 206 206 206 206 206 206 206 206 206 206 206 206 206 206 206 206 206 206 206 206 206 157 135 158 206 206 206 206 206 206 206 206 206 206 206 206 206 206 206 206 206 206 206 206 206 206 206 206 206 206 206 206 206 206 206 206 206 206 206 206 206 206 228 54 54 54 54 54 54 54 54 54 54 
54 54 54 54 54 54 54 54 54 54 54 227 206 206 206 206 206 206 206 206 206 206 206 206 206 206 206 206 206 206 206 206 206 206 206 206 206 206 206 206 206 206 206 206 206 206 206 206 157 135 158 206 206 206 206 206 206 206 206 206 206 206 206 206 206 206 206 206 206 206 206 206 206 206 206 206 206 206 206 206 206 206 206 206 206 206 206 206 206 228 54 54 54 54 54 54 54 54 54 54 
54 54 54 54 54 54 54 54 54 54 54 227 206 206 206 206 206 206 206 206 206 206 206 206 206 206 206 206 206 206 206 206 206 206 206 206 206 206 206 206 206 206 206 206 206 206 206 206 157 135 158 206 206 206 206 206 206 206 206 206 206 206 206 206 206 206 206 67 67 206 206 206 206 206 206 206 206 206 206 206 69 206 206 206 206 206 206 206 206 228 54 54 54 54 54 54 54 54 54 54 
54 54 54 54 54 54 54 54 54 54 54 227 206 206 206 206 206 206 206 206 206 206 206 206 206 206 206 206 206 206 206 206 206 206 206 206 206 206 206 206 206 206 206 206 206 206 206 206 157 135 158 206 206 206 206 206 206 206 206 206 206 206 206 206 206 71 71 69 70 70 70 70 70 70 70 62 65 64 68 69 70 70 70 70 70 70 70 206 206 228 54 54 54 54 54 54 54 54 54 54 
54 54 54 54 54 54 54 54 54 54 54 227 206 206 206 206 206 206 206 206 206 206 206 206 206 206 206 206 206 206 206 206 206 206 206 206 206 206 206 206 206 206 206 206 206 206 206 206 157 135 158 206 206 206 206 206 206 206 206 206 206 206 206 206 206 28 14 15 16 32 51 15 51 15 51 15 51 15 51 15 15 51 15 51 15 52 70 206 206 228 54 54 54 54 54 54 54 54 54 54 
54 54 54 54 54 54 54 54 54 54 54 227 206 206 206 206 206 206 206 206 206 206 206 206 206 206 206 206 206 206 206 206 206 206 206 206 206 206 206 206 206 206 206 206 206 206 206 206 157 135 158 206 206 206 206 206 206 206 206 206 206 206 206 206 206 28 53 18 13 13 8 8 9 8 0 0 0 0 0 0 0 0 0 0 0 55 70 206 206 228 54 54 54 54 54 54 54 54 54 54 
54 54 54 54 54 54 54 54 54 54 54 227 206 206 206 206 206 206 206 206 206 206 206 206 206 206 206 206 206 206 206 206 206 206 206 206 206 206 206 206 206 206 206 206 206 206 206 206 157 135 158 206 206 206 206 206 206 206 206 206 206 206 206 206 206 28 17 22 13 18 0 9 8 8 48 0 1 0 18 0 0 13 0 0 0 19 70 206 206 228 54 54 54 54 54 54 54 54 54 54 
54 54 54 54 54 54 54 54 54 54 54 227 206 206 206 206 206 206 206 206 206 206 206 206 206 206 206 206 206 206 206 206 206 206 206 206 206 206 206 206 206 206 206 206 206 206 206 206 157 135 158 206 206 206 206 206 206 206 206 206 206 206 206 206 206 28 61 40 18 0 0 2 0 0 44 0 0 0 0 0 0 0 43 48 0 55 70 206 206 228 54 54 54 54 54 54 54 54 54 54 
54 54 54 54 54 54 54 54 54 54 54 227 206 206 206 206 206 206 206 206 206 206 206 206 206 206 206 206 206 206 206 206 206 206 206 206 206 206 206 206 206 206 206 206 206 206 206 206 157 135 158 206 206 206 206 206 206 206 206 206 206 206 206 206 206 70 17 0 0 18 0 8 0 49 41 0 24 26 0 13 0 0 0 61 26 55 70 206 206 228 54 54 54 54 54 54 54 54 54 54 
54 54 54 54 54 54 54 54 54 54 54 227 206 206 206 206 206 206 206 206 206 206 206 206 206 206 206 206 206 206 206 206 206 206 206 206 206 206 206 206 206 206 206 206 206 206 206 206 157 135 158 206 206 206 206 206 206 206 206 206 206 206 206 206 206 70 53 0 2 0 0 0 0 46 0 0 38 40 0 0 0 13 13 0 38 35 70 206 206 228 54 54 54 54 54 54 54 54 54 54 
54 54 54 54 54 54 54 54 54 54 54 227 206 206 206 206 206 206 206 206 206 206 206 206 206 206 206 206 206 206 206 206 206 206 206 206 206 206 206 206 206 206 206 206 206 206 206 206 157 135 158 206 206 206 206 206 206 206 206 206 206 206 206 206 206 28 53 0 0 0 42 0 0 46 0 0 0 0 0 0 13 0 0 0 13 36 70 206 206 228 54 54 54 54 54 54 54 54 54 54 
54 54 54 54 54 54 54 54 54 54 54 227 206 206 206 206 206 206 206 206 206 206 206 206 206 206 206 206 206 206 206 206 206 206 206 206 206 206 206 206 206 206 206 206 206 206 206 206 157 135 158 206 206 206 206 206 206 206 206 206 206 206 206 206 206 28 17 0 0 0 0 0 61 41 0 0 0 0 0 0 0 0 0 0 0 55 64 206 206 228 54 54 54 54 54 54 54 54 54 54 
54 54 54 54 54 54 54 54 54 54 54 227 206 206 206 206 206 206 206 206 206 206 206 206 206 206 206 206 206 206 206 206 206 206 206 206 206 206 206 206 206 206 206 206 206 206 206 206 157 135 158 206 206 206 206 206 206 206 206 206 206 206 206 206 28 28 53 0 60 0 0 63 0 0 0 0 0 13 0 18 0 0 0 0 0 19 70 206 206 228 54 54 54 54 54 54 54 54 54 54 
54 54 54 54 54 54 54 54 54 54 54 227 206 206 206 206 206 206 206 206 206 206 206 206 206 206 206 206 206 206 206 206 206 206 206 206 206 206 206 206 206 206 206 206 206 206 206 206 157 135 158 206 206 206 206 206 206 206 206 206 206 206 206 206 28 70 53 0 0 0 0 0 0 0 0 0 0 0 18 0 0 0 18 0 0 55 70 206 206 228 54 54 54 54 54 54 54 54 54 54 
54 54 54 54 54 54 54 54 54 54 54 227 206 206 206 206 206 206 206 206 206 206 206 206 206 206 206 206 206 206 206 206 206 206 206 206 206 206 206 206 206 206 206 206 206 206 206 206 157 135 158 206 206 206 206 206 206 206 206 206 206 206 206 206 206 70 53 0 0 0 0 0 0 63 0 0 13 0 0 0 18 0 0 0 0 55 70 206 206 228 54 54 54 54 54 54 54 54 54 54 
54 54 54 54 54 54 54 54 54 54 54 227 206 206 206 206 206 206 206 206 206 206 206 206 206 206 206 206 206 206 206 206 206 206 206 206 206 206 206 206 206 206 206 206 206 206 206 206 157 135 158 206 206 206 206 206 206 206 206 206 206 206 206 206 206 69 53 0 0 61 0 0 0 0 0 0 0 0 0 0 13 0 0 0 0 19 64 206 206 228 54 54 54 54 54 54 54 54 54 54 
54 54 54 54 54 54 54 54 54 54 54 227 206 206 206 206 206 206 206 206 206 206 206 206 206 206 206 206 206 206 206 206 206 206 206 206 206 206 206 206 206 206 206 206 206 206 206 206 157 135 158 206 206 206 206 206 206 206 206 206 206 206 206 206 206 70 26 0 0 0 0 0 0 0 0 0 0 0 0 0 0 0 0 0 0 55 70 206 206 228 54 54 54 54 54 54 54 54 54 54 
54 54 54 54 54 54 54 54 54 54 54 227 206 206 206 206 206 206 206 206 206 206 206 206 206 206 206 206 206 206 206 206 206 206 206 206 206 206 206 206 206 206 206 206 206 206 206 206 157 135 158 206 206 206 206 206 206 206 206 206 206 206 206 206 206 70 32 0 0 0 60 0 0 0 0 0 0 0 0 0 0 0 0 0 0 55 70 206 206 228 54 54 54 54 54 54 54 54 54 54 
54 54 54 54 54 54 54 54 54 54 54 227 206 206 206 206 206 206 206 206 206 206 206 206 206 206 206 206 206 206 206 206 206 206 206 206 206 206 206 206 206 206 206 206 206 206 206 206 157 135 158 206 206 206 206 206 206 206 206 206 206 206 206 206 206 70 53 0 60 0 0 33 35 0 0 0 0 0 0 0 0 0 0 0 0 19 64 206 206 228 54 54 54 54 54 54 54 54 54 54 
54 54 54 54 54 54 54 54 54 54 54 227 206 206 206 206 206 206 206 206 206 206 206 206 206 206 206 206 206 206 206 206 206 206 206 206 206 206 206 206 206 206 206 206 206 206 206 206 157 135 158 206 206 206 206 206 206 206 206 206 206 206 206 206 206 69 53 0 0 0 0 30 32 0 0 0 0 0 0 0 0 0 0 0 0 55 70 206 206 228 54 54 54 54 54 54 54 54 54 54 
54 54 54 54 54 54 54 54 54 54 54 227 206 206 206 206 206 206 206 206 206 206 206 206 206 206 206 206 206 206 206 206 206 206 206 206 206 206 206 206 206 206 206 206 206 206 206 206 157 135 158 206 206 206 206 206 206 206 206 206 206 206 206 206 206 70 53 0 0 0 0 0 0 0 0 0 0 0 24 26 0 0 0 0 0 19 64 206 206 228 54 54 54 54 54 54 54 54 54 54 
54 54 54 54 54 54 54 54 54 54 54 227 206 206 206 206 206 206 206 206 206 206 206 206 206 206 206 206 206 206 206 206 206 206 206 206 206 206 206 206 206 206 206 206 206 206 206 206 157 135 158 206 206 206 206 206 206 206 206 206 206 206 206 206 206 69 58 57 57 22 57 57 57 22 57 57 57 24 32 57 22 57 57 57 22 23 70 206 206 228 54 54 54 54 54 54 54 54 54 54 
54 54 54 54 54 54 54 54 54 54 54 227 206 206 206 206 206 206 206 206 206 206 206 206 206 206 206 206 206 206 206 206 206 206 206 206 206 206 206 206 206 206 206 206 206 206 206 206 157 135 158 206 206 206 206 206 206 206 206 206 206 206 206 206 206 70 69 70 69 28 62 70 70 62 70 70 62 70 62 70 65 70 70 65 70 70 64 206 206 228 54 54 54 54 54 54 54 54 54 54 
54 54 54 54 54 54 54 54 54 54 54 227 206 206 206 206 206 206 206 206 206 206 206 206 206 206 206 206 206 206 206 206 206 206 206 206 206 206 206 206 206 206 206 206 206 206 206 206 157 135 158 206 206 206 206 206 206 206 206 206 206 206 206 206 206 206 206 206 206 206 206 206 206 206 206 206 206 206 206 206 206 206 206 206 206 206 206 206 206 228 54 54 54 54 54 54 54 54 54 54 
54 54 54 54 54 54 54 54 54 54 54 227 206 206 206 206 206 206 206 206 206 206 206 206 206 206 206 206 206 206 206 206 206 206 206 206 206 206 206 206 206 206 206 206 206 206 206 206 157 135 158 206 206 206 206 206 206 206 206 206 206 206 206 206 206 206 206 206 206 206 206 206 206 206 206 206 206 206 206 206 206 206 206 206 206 206 206 206 206 228 54 54 54 54 54 54 54 54 54 54 
54 54 54 54 54 54 54 54 54 54 54 227 206 206 206 206 206 206 206 206 206 206 206 206 206 206 206 206 206 206 206 206 206 206 206 206 206 206 206 206 206 206 206 206 206 206 206 206 157 135 158 206 206 206 206 206 206 206 206 206 206 206 206 206 206 206 206 206 206 206 206 206 206 206 206 206 206 206 206 206 206 206 206 206 206 206 206 206 206 228 54 54 54 54 54 54 54 54 54 54 
54 54 54 54 54 54 54 54 54 54 54 227 206 206 206 206 206 206 206 206 206 206 206 206 206 206 206 206 206 206 206 206 206 206 206 206 206 206 206 206 206 206 206 206 206 206 206 206 157 135 158 206 206 206 206 206 206 206 206 206 206 206 206 206 206 206 206 206 206 206 206 206 206 206 206 206 206 206 206 206 206 206 206 206 206 206 206 206 206 228 54 54 54 54 54 54 54 54 54 54 
54 54 54 54 54 54 54 54 54 54 54 227 206 206 206 206 206 206 206 206 206 206 206 206 206 206 206 206 206 206 206 206 206 206 206 206 206 206 206 206 206 206 206 206 206 206 206 206 157 135 158 206 206 206 206 206 206 206 206 206 206 206 206 206 206 206 206 206 206 206 206 206 206 206 206 206 206 206 206 206 206 206 206 206 206 206 206 206 206 228 54 54 54 54 54 54 54 54 54 54 
54 54 54 54 54 54 54 54 54 54 54 227 206 206 206 206 206 206 206 206 206 206 206 206 206 151 155 155 155 155 155 155 155 155 155 155 155 155 155 155 155 155 155 155 155 155 155 155 159 135 158 206 206 206 206 206 206 206 206 206 206 206 206 206 206 206 206 206 206 206 206 206 206 206 206 206 206 206 206 206 206 206 206 206 206 206 206 206 206 228 54 54 54 54 54 54 54 54 54 54 
54 54 54 54 54 54 54 54 54 54 54 227 206 206 206 206 206 206 206 206 206 206 206 206 206 157 150 150 150 135 135 135 135 135 135 135 135 135 135 135 135 135 135 135 135 135 135 135 135 135 158 206 206 206 206 206 206 206 206 206 206 206 206 206 206 206 206 206 206 206 206 206 206 206 206 206 206 206 206 206 206 206 206 206 206 206 206 206 206 228 54 54 54 54 54 54 54 54 54 54 
54 54 54 54 54 54 54 54 54 54 54 227 206 206 206 206 206 206 206 206 206 206 206 206 206 157 150 161 156 156 156 156 156 156 156 156 156 156 156 156 156 156 156 156 156 156 156 156 156 156 153 206 206 206 206 206 206 206 206 206 206 206 206 206 206 206 206 206 206 206 206 206 206 206 206 206 206 206 206 206 206 206 206 206 206 206 206 206 206 228 54 54 54 54 54 54 54 54 54 54 
54 54 54 54 54 54 54 54 54 54 54 227 206 206 206 206 206 206 206 206 206 206 206 206 206 157 150 160 206 206 206 206 206 206 206 206 206 206 206 206 206 206 206 206 206 206 206 206 206 206 206 206 206 206 206 206 206 206 206 206 206 206 206 206 206 206 206 206 206 206 206 206 206 206 206 206 206 206 206 206 206 206 206 206 206 206 206 206 206 228 54 54 54 54 54 54 54 54 54 54 
54 54 54 54 54 54 54 54 54 54 54 227 206 206 206 206 206 206 206 206 206 206 206 206 206 157 150 158 206 206 206 206 206 206 206 206 206 206 206 206 206 206 206 206 206 206 206 206 206 206 206 206 206 206 206 206 206 206 206 206 206 206 206 206 206 206 206 206 206 206 206 206 206 206 206 206 206 206 206 206 206 206 206 206 206 206 206 206 206 228 54 54 54 54 54 54 54 54 54 54 
54 54 54 54 54 54 54 54 54 54 54 227 206 206 206 206 206 206 206 206 206 206 206 206 206 157 135 158 206 206 206 206 206 206 206 206 206 206 206 206 206 206 206 206 206 206 206 206 206 206 206 206 206 206 206 206 206 206 206 206 206 206 206 206 206 206 206 206 206 206 206 206 206 206 206 206 206 206 206 206 206 206 206 206 206 206 206 206 206 228 54 54 54 54 54 54 54 54 54 54 
54 54 54 54 54 54 54 54 54 54 54 227 206 206 206 206 206 206 206 206 206 206 206 206 206 157 135 158 206 206 206 206 206 206 206 206 206 206 206 206 206 206 206 206 206 206 206 206 206 206 206 206 206 206 206 206 206 206 206 206 206 206 206 206 206 206 206 206 206 206 206 206 206 206 206 206 206 206 206 206 206 206 206 206 206 206 206 206 206 228 54 54 54 54 54 54 54 54 54 54 
54 54 54 54 54 54 54 54 54 54 54 227 206 206 206 206 206 206 206 206 206 206 206 206 206 157 135 158 206 206 206 206 206 206 206 206 206 206 206 206 206 206 206 206 206 206 206 206 206 206 206 206 206 206 206 206 206 206 206 206 206 206 206 206 206 206 206 206 206 206 206 206 206 206 206 206 206 206 206 206 206 206 206 206 206 206 206 206 206 228 54 54 54 54 54 54 54 54 54 54 
54 54 54 54 54 54 54 54 54 54 54 227 206 206 206 206 206 206 206 206 206 206 206 206 206 157 135 158 206 206 206 284 284 284 284 287 284 285 284 284 284 284 206 206 206 206 206 206 206 206 206 206 206 206 206 206 206 206 206 206 206 206 206 206 206 206 206 206 206 206 206 206 206 206 206 206 206 206 206 206 206 206 206 206 206 206 206 206 206 228 54 54 54 54 54 54 54 54 54 54 
54 54 54 54 54 54 54 54 54 54 54 227 206 206 206 206 206 206 206 206 206 206 206 206 206 157 135 158 206 206 206 284 286 284 289 284 282 284 284 287 288 286 206 206 206 206 206 206 206 206 206 206 206 206 206 206 206 206 206 206 206 206 206 206 206 206 206 206 206 206 206 206 206 206 206 206 206 206 206 206 206 206 206 206 206 206 206 206 206 228 54 54 54 54 54 54 54 54 54 54 
54 54 54 54 54 54 54 54 54 54 54 227 206 206 206 206 206 206 206 206 206 206 206 206 206 157 135 158 206 206 206 284 284 290 284 284 284 284 284 284 284 284 206 206 206 206 206 206 206 206 206 206 206 206 206 206 206 206 206 206 206 206 206 206 206 206 206 206 206 206 206 206 206 206 206 206 206 206 206 206 206 206 206 206 206 206 206 206 206 228 54 54 54 54 54 54 54 54 54 54 
54 54 54 54 54 54 54 54 54 54 54 227 206 206 206 206 206 206 206 206 206 206 206 206 206 152 156 153 206 206 206 284 284 286 284 284 284 290 287 284 288 288 206 206 206 206 206 206 206 206 206 206 206 206 206 206 206 206 206 206 206 206 206 206 206 206 206 206 206 206 206 206 206 206 206 206 206 206 206 206 206 206 206 206 206 206 206 206 206 228 54 54 54 54 54 54 54 54 54 54 
54 54 54 54 54 54 54 54 54 54 54 227 206 206 206 206 206 206 206 206 206 206 206 206 206 206 206 206 206 206 206 284 284 284 290 284 284 284 284 284 284 284 206 206 206 206 206 206 206 206 206 206 206 206 206 206 206 206 206 206 206 206 206 206 206 206 206 206 206 206 206 206 206 206 206 206 206 206 206 206 206 206 206 206 206 206 206 206 206 228 54 54 54 54 54 54 54 54 54 54 
54 54 54 54 54 54 54 54 54 54 54 227 206 206 206 206 206 206 206 206 206 206 206 206 206 206 206 206 206 206 206 206 206 206 206 206 206 206 206 206 206 206 206 206 206 206 206 206 206 206 206 206 206 206 206 206 206 206 206 206 206 206 206 206 206 206 206 206 206 206 206 206 206 206 206 206 206 206 206 206 206 206 206 206 206 206 206 206 206 228 54 54 54 54 54 54 54 54 54 54 
54 54 54 54 54 54 54 54 54 54 54 227 206 206 206 206 206 206 206 206 206 206 206 206 206 206 206 206 206 206 206 206 206 206 206 206 206 206 206 206 206 206 206 206 206 206 206 206 206 206 206 206 206 206 206 206 206 206 206 206 206 206 206 206 206 206 206 206 206 206 206 206 206 206 206 206 206 206 206 206 206 206 206 206 206 206 206 206 206 228 54 54 54 54 54 54 54 54 54 54 
54 54 54 54 54 54 54 54 54 54 54 227 206 206 206 206 206 206 206 206 206 206 206 206 206 206 206 206 206 206 206 206 206 206 206 206 206 206 206 206 206 206 206 206 206 206 206 206 206 206 206 206 206 206 206 206 206 206 206 206 206 206 206 206 206 206 206 206 206 206 206 206 206 206 206 206 206 206 206 206 206 206 206 206 206 206 206 206 206 228 54 54 54 54 54 54 54 54 54 54 
54 54 54 54 54 54 54 54 54 54 54 216 218 208 218 218 218 218 208 218 218 218 218 218 218 218 218 218 218 208 218 218 218 218 218 218 208 218 218 218 218 218 218 218 218 218 218 218 218 208 218 218 218 218 218 218 219 218 208 218 218 218 218 218 218 218 218 208 218 218 218 218 218 218 218 218 218 218 218 218 218 218 218 218 218 218 218 208 218 222 54 54 54 54 54 54 54 54 54 54 
54 54 54 54 54 54 54 54 54 54 54 211 211 224 211 211 211 211 224 211 211 211 211 211 211 211 211 211 211 224 211 211 211 211 211 211 224 211 211 211 211 211 211 211 211 211 211 211 211 224 211 211 211 211 211 211 211 211 224 211 211 211 211 211 211 211 211 224 211 211 211 211 211 211 211 211 211 211 211 211 211 211 211 211 211 224 224 224 224 211 54 54 54 54 54 54 54 54 54 54 
54 54 54 54 54 54 54 54 54 54 54 224 224 224 224 210 224 224 224 224 210 224 210 210 224 224 224 224 224 224 210 224 224 224 224 224 224 224 210 224 224 224 224 224 224 224 224 224 224 224 224 224 224 224 224 224 224 224 224 224 224 210 224 224 224 224 224 224 224 224 224 224 224 224 224 224 224 224 224 224 224 224 210 224 224 224 224 224 224 224 54 54 54 54 54 54 54 54 54 54 
54 54 54 54 54 54 54 54 54 54 54 213 213 213 213 54 213 213 213 213 54 213 54 54 213 213 213 213 213 213 54 213 213 213 213 213 213 213 54 213 213 213 213 213 213 213 213 213 213 213 213 213 213 213 213 213 213 213 213 213 213 10 213 213 213 213 213 213 213 213 213 213 213 213 213 213 213 213 213 213 213 213 54 213 213 213 213 213 213 213 54 54 54 54 54 54 54 54 54 54 
54 54 54 54 54 54 54 54 54 54 54 54 54 54 54 54 54 54 54 54 54 54 54 54 54 54 54 54 54 54 54 54 54 54 54 54 54 54 54 54 54 54 54 54 10 10 10 10 10 10 54 54 54 54 54 54 54 54 54 54 54 54 54 54 54 54 54 54 54 54 54 54 54 54 54 54 54 54 54 54 54 54 54 54 54 54 54 54 54 54 54 54 54 54 54 54 54 54 54 54 
54 54 54 54 54 54 54 54 54 54 54 54 54 54 54 54 54 54 54 54 54 54 54 54 54 54 54 54 54 54 54 54 54 54 54 54 54 54 54 54 54 54 54 54 54 54 54 54 54 54 54 54 54 54 54 54 54 54 54 54 54 54 54 54 54 54 54 54 54 54 54 54 54 54 54 54 54 54 54 54 54 54 54 54 54 54 54 54 54 54 54 54 54 54 54 54 54 54 54 54 
54 54 54 54 54 54 54 54 54 54 54 54 54 54 54 54 54 54 54 54 54 54 54 54 54 54 54 54 54 54 54 54 54 54 54 54 54 54 54 54 54 54 54 54 54 54 54 54 54 54 54 54 54 54 54 54 54 54 54 54 54 54 54 54 54 54 54 54 54 54 54 54 54 54 54 54 54 54 54 54 54 54 54 54 54 54 54 54 54 54 54 54 54 54 54 54 54 54 54 54 
54 54 54 54 54 54 54 54 54 54 54 54 54 54 54 54 54 54 54 54 54 54 54 54 54 54 54 54 54 54 54 54 54 54 54 54 54 54 54 54 54 54 54 54 54 54 54 54 54 54 54 54 54 54 54 54 54 54 54 54 54 54 54 54 54 54 54 54 54 54 54 54 54 54 54 54 54 54 54 54 54 54 54 54 54 54 54 54 54 54 54 54 54 54 54 54 54 54 54 54 
54 54 54 54 54 54 54 54 54 54 54 54 54 54 54 54 54 54 54 54 54 54 54 54 54 54 54 54 54 54 54 54 54 54 54 54 54 54 54 54 54 54 54 54 54 54 54 54 54 54 54 54 54 54 54 54 54 54 54 54 54 54 54 54 54 54 54 54 54 54 54 54 54 54 54 54 54 54 54 54 54 54 54 54 54 54 54 54 54 54 54 54 54 54 54 54 54 54 54 54 
54 54 54 54 54 54 54 54 54 54 54 54 54 54 54 54 54 54 54 54 54 54 54 54 54 54 54 54 54 54 54 54 54 54 54 54 54 54 54 54 54 54 54 54 54 54 54 54 54 54 54 54 54 54 54 54 54 54 54 54 54 54 54 54 54 54 54 54 54 54 54 54 54 54 54 54 54 54 54 54 54 54 54 54 54 54 54 54 54 54 54 54 54 54 54 54 54 54 54 54 
